index
1597922
440076
983555
645225
1243622
158387
811356
412763
1971833
230151
1120380
30187
649038
1735765
1621365
693827
231011
1966057
195298
1425007
1005264
1965263
651819
1719790
291988
234336
1295488
1601481
1117076
501517
1755400
1071162
857764
423693
1853292
997013
134301
1751952
812747
106294
1356055
236295
48627
1913338
322569
561696
1183491
1919050
873821
1811509
890926
1183741
896745
47083
1006997
1029995
621784
508069
296339
720346
1534574
1558756
467311
388113
1230844
1972965
1973875
171395
1091291
1569238
1816557
196562
483140
66097
1552119
1938919
1363278
1877775
1665226
1474963
1187433
57678
399045
1792317
446625
461295
640830
230524
1331399
757961
873183
1986865
992059
534473
65206
280917
627795
1810950
1251812
520025
209128
1122005
1067707
432340
1140563
826477
433064
1661634
647147
980794
937829
793028
135969
275202
1285099
546174
742653
1104380
569469
1911610
1552708
777077
1226907
869990
507602
51410
902811
1854226
1214726
1543440
1669566
1656909
1062166
1634700
1899249
451944
80997
1895246
1912018
461845
474741
42701
855455
205695
1852100
932398
451180
200942
1073527
173085
1139802
890381
654722
697160
715457
12340
1210185
1186122
196942
195993
1214145
1452848
1680991
1943536
1236523
1000728
69646
1140131
553582
14675
117150
1309042
1076331
84162
1721209
171426
202854
1117687
449175
651718
204454
813385
661726
1221996
759688
970058
1508938
1986934
1206072
755064
77443
1060115
444829
1656455
385839
1057068
47442
860531
693802
1462592
503273
629170
367845
682283
1601802
1541273
950754
768498
180176
157992
1017363
296576
1578946
1742801
1267047
1707901
13882
813812
355319
1370135
1442349
783835
721765
1456041
335264
989681
1206279
1338849
1727661
439002
171854
417481
614774
657964
965473
1500444
785890
1315790
1391686
949100
1553616
1707742
1819337
346717
1682349
302348
2006437
1117748
1895924
957269
807073
194816
174619
376229
144446
1836124
495787
1643383
1809181
6660
1103720
899514
131404
1724258
1766794
456632
849857
1990700
1925172
1889009
502938
1339125
831327
1737793
504670
1044237
1251459
817636
27726
1629659
1428138
1882568
1873899
1113574
157026
1905796
1732656
780248
1182044
1871285
1583707
162495
214926
623174
870117
1384637
1146168
41744
1595606
431463
436135
1289757
10078
1398086
881794
1049052
1977275
972162
1539585
1149003
1964728
1446948
1486706
1287018
467748
693168
1635226
937421
285625
1503461
184501
1070704
456246
1892411
1769328
1054924
1487329
1725277
1976285
1358464
1408212
1492986
1281223
698476
786002
1993147
1362851
1277892
1428883
437845
1511078
1849124
1126641
456007
427218
1297035
1186814
978705
820865
1890675
293320
1963179
833345
154393
1639311
1061075
322580
1834124
232852
917859
1128773
576312
1531338
281364
1074966
1904958
1214066
419659
1109216
983564
1717095
1804771
1631800
1730322
1983973
575526
349707
153543
623930
1715906
302018
1107080
1645981
796963
985913
956855
583889
1606027
898532
934086
1749627
824304
1546905
1356102
1232061
143761
1564993
1071032
1866151
1088332
170978
585293
1019492
847172
441078
26164
181685
1035269
1989678
218344
375730
686709
1309914
1215973
1460722
1456876
495086
135060
412863
1786801
298523
891420
840796
433098
1001524
1461937
391176
1414816
473025
1980207
1234149
611288
1826997
1769544
1089683
707351
912547
203508
863111
1083484
275974
13461
65804
1610676
480416
1107662
286268
1211658
34910
1985048
1478604
79091
1664648
50722
1554295
1026340
358763
1059281
700244
1541812
170142
1420471
1554342
451657
438626
404180
1956131
1972073
563487
1278052
356516
1945772
113294
1336772
745668
467499
1911160
1246349
1731489
491521
1980870
371048
1599312
1792612
1038606
1232938
1881535
978332
1367363
406289
1285580
1560611
1649325
822758
828590
1992456
439087
1527490
1566560
1583764
1469827
202984
1568705
1693085
1883420
851020
592905
1717831
1628947
1624312
1133817
604113
561297
575941
1384813
214983
99008
1367961
1583296
1976987
1889729
1832251
1870688
1327656
1013113
462383
1141711
1965652
1791073
591677
178879
120305
1045222
1340009
1949309
816709
1562121
1538314
448869
1167560
888578
159473
1036318
1609789
2000529
32403
1643073
761671
321361
1990910
151895
809230
1430445
723981
879291
1953381
164775
984101
1798846
41314
1620715
1310531
81836
1004147
507558
1631369
2006227
1247660
1552480
439992
1198051
1376140
1772295
1030031
794944
1391006
1760451
1260128
685320
986811
530896
1454830
1513790
1513683
1314527
991915
1378129
1857017
1530836
1738402
811116
1657208
1526634
38303
1145884
1812312
1842546
256349
629437
18452
1319651
1518169
143749
973566
80205
243692
69594
1001959
1765669
912149
377017
1118965
709174
815498
955484
1161819
1429759
776029
1745532
159843
1521831
569445
1843271
1465981
39009
104944
725351
54645
64988
442521
1810898
1292939
698030
1552995
1712982
171030
409278
893581
1616594
201360
1941767
1979210
1784053
953641
1047118
1499573
1802904
1438729
1282949
646767
1703859
261329
454141
1171616
287361
545300
18613
1247443
709223
1129424
749890
1651908
829136
193676
1519236
1513922
583514
1954391
369844
288542
1654156
1902479
856773
666106
238349
537212
337137
1419341
357165
1568492
1751525
1493322
242515
1060497
505395
333294
1915721
482417
1797612
93416
1742500
66169
214099
1126288
15835
1751465
1253367
480539
673835
606865
1702473
1021770
1447275
1281084
1233224
905826
1220528
941453
989272
1643746
1061168
1541156
1776414
1224821
576405
1630361
204832
733070
850849
1628586
259294
379938
601974
84855
1692723
196830
1317924
1821995
434127
1164911
1291160
619392
1259048
1116663
1824578
395690
664355
657941
1267025
1605604
403806
503725
401946
195825
1641076
1704107
1886209
262596
1587450
792376
1325960
692505
110450
547498
460660
1613528
899301
1011315
1470306
251506
417560
140734
1046961
866858
1307989
909307
1494817
727887
523189
1697808
1105080
1769516
1581695
1307530
494038
742929
1542133
527303
1495684
987607
1775779
1065550
245816
520045
783248
432764
860682
579403
1730589
261006
1138837
324738
1739359
1241050
1769072
581540
1713188
384792
1054578
1967436
1401167
1896459
819958
533207
1748008
1091717
537483
105265
1424211
695417
961096
1910462
132788
739449
646064
382695
1343938
1259054
1130371
148278
1846184
875443
630333
80412
574369
455579
1457718
697658
1217106
808224
268637
1256738
1923366
189176
691975
627344
46642
735001
130785
995543
1075177
106765
962240
881658
1143674
1040817
833684
838117
690552
1107330
1127544
1126325
155090
637350
1527085
170505
1833518
1577607
631549
1371574
469551
1326409
1293772
64908
